SentenceId	Sentiment
7971	0
2912	2
1152	1
4551	0
5809	0
4967	1
6540	1
3790	1
2165	1
2520	0
3555	0
1207	2
1243	2
5980	2
2322	2
6808	1
5700	0
3602	2
6885	0
2083	0
6424	1
1043	1
1026	1
4979	2
2321	0
3830	2
5760	2
2833	2
7771	0
1069	1
6038	0
1940	0
6299	1
2454	1
2464	1
2898	0
7177	2
560	0
4973	1
4155	1
6207	1
540	0
3375	0
1555	1
122	2
3369	1
6185	2
6271	1
2830	2
6882	2
5918	1
5049	0
1896	2
2271	2
6663	2
4493	1
4241	1
2017	2
1683	1
8153	2
4481	0
694	2
6451	2
6894	2
2940	0
8056	1
84	0
3177	2
5188	0
4874	1
6887	0
4094	2
4287	2
1757	2
5369	2
955	0
4338	2
849	1
5486	2
4620	1
210	1
2037	2
7481	0
7029	2
8242	1
7840	1
628	2
170	0
4923	0
4694	1
8032	2
1450	2
6991	0
4910	2
4898	0
3620	1
5870	0
6295	2
7461	0
4014	0
936	1
4415	2
7710	0
5923	0
172	0
7751	1
4100	1
6541	2
8154	0
7815	0
5304	2
1464	2
1059	1
3209	0
4158	0
4279	2
4169	0
7246	1
2964	0
4262	1
3000	1
2858	1
2177	1
4505	1
6507	1
7742	0
3634	0
8222	2
4724	2
253	1
4543	0
6893	2
3136	2
5292	2
1995	1
5386	1
2642	2
1226	2
2481	2
4763	2
3538	0
6227	2
7231	1
3766	1
8107	0
7934	0
8196	0
1617	2
1601	1
5075	0
2585	0
7277	0
7485	2
3522	0
5947	0
4134	2
7714	2
688	1
2214	0
3126	0
7450	2
7988	1
303	1
446	2
205	2
3946	0
3099	1
4177	0
7869	0
2022	0
6152	0
5843	1
4926	0
4086	2
6166	1
351	2
5350	1
8095	1
5711	0
166	1
6111	0
783	1
7206	0
659	0
3165	2
4194	0
7123	1
3526	2
3344	1
3044	0
4630	2
2171	1
3979	1
978	1
1097	0
1468	0
6055	2
2237	0
7740	2
5010	1
3735	2
6579	0
486	1
6857	1
4406	0
3612	0
2807	2
5820	0
6469	0
3794	1
3016	2
6083	2
6892	0
6186	1
864	0
2136	2
3102	2
3950	0
2333	0
2044	0
10	0
5331	2
4629	1
1231	0
269	0
780	2
3247	0
294	1
6832	2
5473	0
3513	2
3427	2
6601	2
5219	0
7946	0
7876	1
840	0
7394	0
2560	0
5842	2
2955	2
5518	2
4965	1
7118	2
793	1
4852	0
3025	2
852	2
7547	2
2026	2
4537	0
5293	1
6737	1
2654	1
6875	0
6586	1
1369	0
1726	1
5088	0
3162	1
8170	1
3473	1
4690	2
2247	2
2392	0
275	1
8504	2
7777	0
6235	2
7317	2
4527	2
6532	2
1343	2
2361	0
6624	1
7298	2
2580	2
8472	2
3980	0
2477	2
3118	2
6171	1
6834	1
7789	2
3318	0
5152	0
3798	0
8368	0
1660	1
2072	2
4450	1
8501	0
6397	2
3788	1
7493	2
629	1
6364	1
8027	0
1839	2
4998	0
2597	1
3299	1
7608	2
3996	0
199	1
3989	2
3518	1
6771	0
1668	0
3456	1
7725	2
4286	1
4651	2
8510	0
7217	1
3334	0
4264	0
3108	2
1938	2
7444	2
1993	2
1259	1
3424	0
2921	0
7355	2
4578	0
5710	0
2051	0
8421	1
2874	1
6850	2
8525	1
391	2
1222	0
2666	2
597	2
5166	1
6603	1
8026	0
1923	1
4872	1
6905	0
6456	1
7128	1
4496	0
335	2
1220	2
3776	0
1149	1
2076	1
1116	0
3289	0
3617	2
5788	0
259	2
4736	1
984	2
3587	0
7096	0
7801	1
2445	0
2655	0
7480	0
3891	0
6436	1
6117	0
4320	2
4804	0
5886	2
1394	2
7370	0
709	0
1322	2
7671	0
1524	2
5609	0
2752	1
3824	1
8171	2
6319	2
881	2
6990	1
2913	1
6544	0
1106	2
8163	0
4607	2
1117	0
4130	2
2819	2
2892	2
6236	0
1179	0
5379	0
2168	0
5093	1
8391	2
1659	2
2485	2
6188	0
3066	2
639	2
3404	1
233	2
4835	0
5284	2
8008	2
564	2
4269	2
7767	2
3668	2
2775	1
5125	0
4054	2
6933	1
5121	1
1180	0
6409	1
4492	0
1786	0
3590	0
6305	1
8402	2
8515	0
1109	2
7105	0
3065	2
4265	2
2972	0
4681	2
5943	2
5267	0
3010	2
5734	0
6460	2
2079	2
8492	1
2600	0
2573	1
5794	1
3975	1
3999	2
2663	1
8387	1
2479	0
7692	0
1423	0
4330	1
990	1
6301	0
5041	2
2739	0
7859	2
1599	2
8093	1
2419	1
6425	0
763	1
1692	0
4792	1
8327	2
4541	1
1362	2
4779	2
8019	0
6337	0
5078	2
4377	0
7209	2
5831	2
5616	0
8376	0
4263	1
7754	2
7684	0
2836	2
7411	0
5402	1
5469	1
7939	1
2760	2
2113	1
7517	1
326	2
6340	1
5683	1
7058	0
1535	2
3169	2
842	1
5109	1
2532	2
4311	0
7021	0
3409	2
6781	1
7323	1
1826	2
3310	0
7045	0
3245	0
4026	2
4237	2
7650	1
1539	1
7628	1
4244	1
5584	2
3184	0
3952	0
4844	2
2091	0
4760	2
7502	2
5308	2
3457	2
3464	1
6756	2
3622	1
2840	2
1313	2
2425	2
2269	1
1926	2
4693	2
7062	1
3086	2
1410	2
3176	0
1122	0
8064	2
6864	2
6974	0
8308	2
8384	1
140	2
5394	0
954	2
5447	0
2523	0
8138	0
6491	0
3944	1
1224	1
488	0
6250	0
1425	1
3250	0
5618	1
7744	0
7285	2
7871	2
7732	1
466	0
2613	0
1229	1
8436	0
2383	1
265	0
3413	2
1869	1
7031	0
2358	0
7111	0
5309	0
4172	1
7326	0
1374	1
1799	1
2753	2
2834	2
8358	2
2319	0
3769	0
5890	2
131	0
7957	0
1883	0
6477	2
6963	0
8455	1
2543	1
664	0
1550	2
6539	2
6902	1
726	1
2397	0
6074	1
6024	1
4565	1
7134	2
7845	2
1458	1
2254	0
580	2
2027	2
795	0
5490	2
517	1
26	1
2908	0
529	2
3676	1
185	0
5883	2
1014	1
4490	0
8188	0
5827	1
3553	0
6930	1
4469	0
6658	1
8508	0
4632	0
7290	1
3104	2
5497	1
7219	1
8304	1
4317	2
4654	2
642	2
2549	2
645	1
7872	2
3922	1
4399	1
3899	0
4854	1
7240	2
7385	2
5519	0
5638	0
2850	0
3423	0
7043	1
4358	0
6452	0
5593	2
1213	1
4699	0
8416	2
1172	2
390	1
4588	2
8236	0
7629	0
5858	0
272	2
2709	2
1597	0
4487	0
3377	2
4788	1
4790	2
5434	1
2006	0
318	1
7207	2
287	0
8345	1
2509	1
6839	1
5029	2
8439	2
3672	1
2175	2
3146	1
6790	1
7063	0
1044	1
4261	2
4595	0
5100	2
5650	1
339	0
3012	1
7592	2
6362	2
6510	1
4456	0
334	1
5747	2
6155	1
8378	0
4049	1
5636	0
4962	0
784	1
3932	1
5405	2
6787	0
7578	0
1169	0
2242	0
86	1
1638	2
1773	2
152	2
7230	0
1743	2
5020	1
4544	0
4075	1
6837	0
5647	0
582	2
7179	2
6499	0
1194	2
5619	0
5690	0
3859	0
712	2
7115	2
2039	2
228	1
6889	2
485	2
3643	2
4894	2
5580	0
2374	2
7163	1
6965	2
3595	1
3181	1
6087	2
1029	2
4919	0
3670	2
4866	1
4212	2
2640	2
7642	1
6312	1
8175	2
2278	2
2676	1
4468	0
2459	0
1837	2
6403	2
2927	0
3224	0
3130	1
2476	0
5857	2
132	1
3872	2
1568	2
4331	2
6995	2
5902	1
4171	1
1516	1
4731	2
416	1
8118	2
15	2
3286	1
3987	1
8343	2
8512	1
6398	1
7750	1
7605	0
3249	0
6519	1
8123	2
3033	1
5016	0
7162	2
2511	2
5312	2
1336	1
8043	2
179	1
5553	1
6607	2
1391	2
4663	0
4623	1
1514	2
4238	1
947	0
1596	2
2384	2
7914	1
3867	0
5872	2
4112	1
905	2
5148	2
1330	1
3389	2
361	0
2745	2
6039	1
762	1
1496	1
3800	1
4235	0
2245	2
5436	0
2411	1
2351	2
4678	2
1934	2
3947	0
998	2
5356	0
8031	2
8467	2
6936	0
3201	0
4125	1
2562	2
7693	0
4562	0
1556	2
7200	0
2731	0
5	1
320	0
5881	1
1478	2
7844	1
1658	1
2922	2
1794	0
4308	0
4009	0
4886	1
2366	2
1157	2
2469	2
826	0
2531	2
613	2
1471	1
6375	0
4164	2
6196	2
5259	0
7335	0
4071	2
203	2
4768	0
4861	0
5530	1
6036	1
7905	2
4411	0
3933	1
1836	0
88	0
6381	2
5492	1
4949	2
8346	2
1772	0
4757	2
3506	2
547	0
1227	2
5801	2
4986	2
13	1
7348	1
1166	1
7414	1
5582	0
2905	1
3941	1
2822	1
5808	2
1200	1
5358	1
1384	2
4801	0
342	0
468	1
1012	2
7944	2
1573	1
8403	1
586	2
5051	2
7548	0
1477	2
6412	1
159	1
4268	2
5634	0
4495	2
1311	0
1595	1
1507	2
6331	1
3123	0
6322	0
2644	1
4994	0
3782	1
5278	0
3441	1
356	2
5026	1
6135	1
8438	0
7288	1
6551	1
8167	1
2156	1
3770	1
1887	1
4131	0
8381	2
1461	0
3520	2
6868	2
8364	0
2697	1
2577	2
5694	2
71	2
8203	2
5825	1
6336	2
2816	2
1372	0
4258	2
6249	0
6439	0
6400	1
6254	2
8372	0
2195	0
91	0
5122	2
2265	2
3585	2
5058	2
7843	1
5214	2
634	0
8113	0
630	0
6457	2
2622	0
4771	0
6470	2
1910	2
2513	1
2512	2
5341	0
5586	1
2729	2
7703	2
5427	0
3316	0
500	1
4010	0
4283	0
1880	1
4176	0
3750	2
1504	0
4179	1
8380	2
4737	2
1058	1
2761	0
2847	0
1154	2
891	2
7356	1
8174	0
449	2
7295	0
1750	2
3131	0
8185	0
2947	2
1081	2
479	0
2291	2
3924	0
3831	2
4917	0
54	0
3914	2
3557	2
7704	2
3524	1
3070	0
3303	1
