SentenceId	Sentiment
7971	2
2912	2
1152	4
4551	2
5809	1
4967	1
6540	4
3790	0
2165	1
2520	0
3555	1
1207	1
1243	3
5980	2
2322	2
6808	4
5700	0
3602	2
6885	1
2083	1
6424	2
1043	2
1026	4
4979	3
2321	2
3830	2
5760	4
2833	2
7771	2
1069	1
6038	4
1940	2
6299	2
2454	3
2464	4
2898	4
7177	1
560	4
4973	1
4155	0
6207	2
540	4
3375	2
1555	4
122	3
3369	2
6185	1
6271	3
2830	1
6882	0
5918	2
5049	4
1896	3
2271	2
6663	4
4493	2
4241	4
2017	1
1683	4
8153	2
4481	2
694	4
6451	2
6894	2
2940	4
8056	0
84	2
3177	0
5188	1
4874	3
6887	2
4094	2
4287	2
1757	1
5369	2
955	4
4338	4
849	4
5486	1
4620	4
210	0
2037	0
7481	3
7029	0
8242	4
7840	4
628	2
170	3
4923	2
4694	2
8032	3
1450	0
6991	3
4910	2
4898	0
3620	2
5870	3
6295	4
7461	0
4014	4
936	2
4415	2
7710	2
5923	1
172	2
7751	3
4100	4
6541	2
8154	4
7815	2
5304	1
1464	1
1059	3
3209	1
4158	1
4279	2
4169	2
7246	3
2964	3
4262	0
3000	4
2858	1
2177	3
4505	1
6507	2
7742	1
3634	2
8222	0
4724	2
253	3
4543	2
6893	1
3136	2
5292	4
1995	1
5386	4
2642	2
1226	2
2481	2
4763	4
3538	1
6227	2
7231	2
3766	0
8107	4
7934	3
8196	4
1617	3
1601	3
5075	1
2585	1
7277	2
7485	2
3522	0
5947	3
4134	0
7714	1
688	2
2214	3
3126	2
7450	1
7988	3
303	2
446	3
205	3
3946	0
3099	4
4177	1
7869	2
2022	1
6152	1
5843	0
4926	2
4086	2
6166	4
351	2
5350	1
8095	0
5711	4
166	2
6111	3
783	4
7206	3
659	2
3165	2
4194	2
7123	1
3526	3
3344	1
3044	3
4630	2
2171	3
3979	0
978	4
1097	3
1468	0
6055	2
2237	2
7740	1
5010	2
3735	2
6579	1
486	2
6857	3
4406	0
3612	4
2807	2
5820	2
6469	3
3794	2
3016	0
6083	1
6892	0
6186	2
864	1
2136	1
3102	0
3950	2
2333	0
2044	4
10	3
5331	2
4629	3
1231	1
269	4
780	2
3247	3
294	1
6832	0
5473	3
3513	1
3427	1
6601	3
5219	4
7946	4
7876	4
840	1
7394	4
2560	3
5842	2
2955	1
5518	2
4965	0
7118	1
793	0
4852	1
3025	3
852	4
7547	0
2026	0
4537	0
5293	1
6737	4
2654	3
6875	3
6586	1
1369	0
1726	2
5088	4
3162	2
8170	3
3473	2
4690	3
2247	1
2392	1
275	4
8504	2
7777	4
6235	0
7317	3
4527	0
6532	0
1343	2
2361	1
6624	0
7298	4
2580	4
8472	0
3980	1
2477	1
3118	1
6171	4
6834	3
7789	3
3318	4
5152	2
3798	2
8368	1
1660	1
2072	2
4450	4
8501	3
6397	3
3788	0
7493	0
629	3
6364	1
8027	2
1839	4
4998	1
2597	1
3299	3
7608	0
3996	1
199	1
3989	0
3518	0
6771	1
1668	4
3456	0
7725	2
4286	1
4651	0
8510	2
7217	2
3334	4
4264	2
3108	2
1938	3
7444	2
1993	2
1259	0
3424	4
2921	2
7355	1
4578	4
5710	1
2051	2
8421	0
2874	0
6850	2
8525	4
391	3
1222	2
2666	1
597	3
5166	4
6603	0
8026	0
1923	3
4872	4
6905	2
6456	2
7128	1
4496	2
335	3
1220	2
3776	1
1149	4
2076	2
1116	3
3289	0
3617	0
5788	4
259	0
4736	0
984	2
3587	4
7096	2
7801	0
2445	2
2655	3
7480	4
3891	1
6436	3
6117	4
4320	2
4804	4
5886	2
1394	2
7370	2
709	4
1322	2
7671	4
1524	1
5609	1
2752	4
3824	2
8171	3
6319	2
881	1
6990	2
2913	2
6544	4
1106	4
8163	4
4607	3
1117	2
4130	4
2819	0
2892	2
6236	0
1179	1
5379	2
2168	4
5093	4
8391	0
1659	2
2485	1
6188	3
3066	1
639	3
3404	0
233	0
4835	4
5284	1
8008	2
564	0
4269	3
7767	0
3668	4
2775	3
5125	1
4054	1
6933	3
5121	0
1180	4
6409	2
4492	2
1786	1
3590	2
6305	4
8402	2
8515	3
1109	2
7105	3
3065	2
4265	1
2972	3
4681	0
5943	2
5267	4
3010	0
5734	2
6460	4
2079	3
8492	2
2600	0
2573	3
5794	0
3975	1
3999	0
2663	4
8387	1
2479	4
7692	3
1423	4
4330	1
990	2
6301	0
5041	2
2739	4
7859	1
1599	1
8093	4
2419	4
6425	4
763	2
1692	0
4792	1
8327	2
4541	3
1362	4
4779	3
8019	0
6337	1
5078	2
4377	1
7209	1
5831	2
5616	1
8376	3
4263	4
7754	4
7684	0
2836	1
7411	2
5402	4
5469	2
7939	4
2760	1
2113	2
7517	4
326	0
6340	4
5683	3
7058	0
1535	1
3169	1
842	0
5109	1
2532	2
4311	3
7021	3
3409	2
6781	2
7323	1
1826	1
3310	0
7045	3
3245	0
4026	1
4237	2
7650	4
1539	0
7628	1
4244	1
5584	1
3184	2
3952	4
4844	1
2091	2
4760	0
7502	0
5308	0
3457	1
3464	2
6756	3
3622	4
2840	3
1313	2
2425	1
2269	1
1926	2
4693	2
7062	1
3086	3
1410	0
3176	3
1122	1
8064	4
6864	3
6974	2
8308	2
8384	3
140	1
5394	4
954	2
5447	4
2523	0
8138	3
6491	4
3944	3
1224	2
488	2
6250	4
1425	4
3250	2
5618	0
7744	4
7285	1
7871	2
7732	0
466	1
2613	2
1229	0
8436	2
2383	2
265	1
3413	0
1869	4
7031	1
2358	3
7111	4
5309	2
4172	4
7326	3
1374	3
1799	3
2753	2
2834	2
8358	2
2319	0
3769	1
5890	0
131	1
7957	0
1883	2
6477	4
6963	2
8455	1
2543	2
664	4
1550	1
6539	2
6902	1
726	1
2397	0
6074	1
6024	0
4565	4
7134	4
7845	4
1458	4
2254	3
580	1
2027	2
795	4
5490	0
517	4
26	4
2908	1
529	3
3676	4
185	0
5883	0
1014	1
4490	3
8188	4
5827	4
3553	0
6930	4
4469	3
6658	3
8508	0
4632	2
7290	0
3104	0
5497	1
7219	1
8304	0
4317	4
4654	2
642	4
2549	3
645	4
7872	2
3922	2
4399	4
3899	1
4854	1
7240	2
7385	2
5519	3
5638	2
2850	0
3423	1
7043	2
4358	4
6452	3
5593	0
1213	2
4699	2
8416	4
1172	1
390	1
4588	0
8236	4
7629	0
5858	0
272	2
2709	1
1597	4
4487	4
3377	2
4788	0
4790	2
5434	4
2006	2
318	2
7207	0
287	1
8345	4
2509	3
6839	3
5029	2
8439	4
3672	1
2175	2
3146	3
6790	4
7063	1
1044	4
4261	4
4595	3
5100	1
5650	3
339	2
3012	1
7592	2
6362	1
6510	2
4456	2
334	4
5747	2
6155	3
8378	0
4049	4
5636	3
4962	1
784	2
3932	4
5405	4
6787	4
7578	0
1169	1
2242	1
86	4
1638	2
1773	3
152	2
7230	3
1743	2
5020	1
4544	4
4075	4
6837	2
5647	1
582	0
7179	2
6499	3
1194	4
5619	3
5690	4
3859	2
712	3
7115	0
2039	1
228	2
6889	2
485	1
3643	4
4894	2
5580	3
2374	2
7163	1
6965	2
3595	4
3181	4
6087	0
1029	4
4919	2
3670	3
4866	4
4212	2
2640	0
7642	0
6312	1
8175	0
2278	2
2676	3
4468	4
2459	2
1837	2
6403	0
2927	2
3224	2
3130	4
2476	2
5857	0
132	4
3872	1
1568	1
4331	2
6995	2
5902	2
4171	2
1516	3
4731	3
416	3
8118	0
15	1
3286	2
3987	3
8343	4
8512	3
6398	1
7750	0
7605	1
3249	3
6519	1
8123	1
3033	1
5016	2
7162	3
2511	3
5312	1
1336	1
8043	4
179	4
5553	1
6607	2
1391	4
4663	4
4623	1
1514	2
4238	2
947	4
1596	3
2384	0
7914	0
3867	2
5872	4
4112	1
905	1
5148	2
1330	0
3389	3
361	4
2745	3
6039	3
762	3
1496	2
3800	2
4235	4
2245	0
5436	2
2411	2
2351	1
4678	3
1934	2
3947	0
998	2
5356	1
8031	2
8467	1
6936	0
3201	4
4125	0
2562	2
7693	2
4562	1
1556	2
7200	4
2731	2
5	3
320	1
5881	0
1478	2
7844	3
1658	1
2922	3
1794	0
4308	1
4009	2
4886	4
2366	2
1157	0
2469	4
826	4
2531	3
613	3
1471	0
6375	4
4164	2
6196	1
5259	4
7335	2
4071	4
203	1
4768	0
4861	4
5530	4
6036	4
7905	4
4411	2
3933	0
1836	1
88	3
6381	2
5492	3
4949	2
8346	0
1772	4
4757	3
3506	3
547	3
1227	3
5801	4
4986	0
13	4
7348	4
1166	4
7414	4
5582	1
2905	2
3941	1
2822	4
5808	3
1200	2
5358	0
1384	2
4801	3
342	0
468	3
1012	0
7944	2
1573	4
8403	1
586	3
5051	4
7548	1
1477	1
6412	1
159	1
4268	3
5634	3
4495	2
1311	3
1595	0
1507	4
6331	1
3123	4
6322	0
2644	4
4994	3
3782	3
5278	0
3441	0
356	3
5026	1
6135	2
8438	3
7288	1
6551	4
8167	2
2156	3
3770	4
1887	1
4131	3
8381	2
1461	2
3520	2
6868	2
8364	4
2697	4
2577	4
5694	4
71	2
8203	4
5825	2
6336	2
2816	2
1372	3
4258	0
6249	3
6439	4
6400	1
6254	2
8372	0
2195	0
91	2
5122	1
2265	2
3585	3
5058	0
7843	1
5214	0
634	0
8113	0
630	3
6457	4
2622	0
4771	4
6470	3
1910	1
2513	1
2512	2
5341	2
5586	3
2729	1
7703	1
5427	3
3316	1
500	1
4010	4
4283	2
1880	2
4176	2
3750	2
1504	4
4179	4
8380	2
4737	4
1058	1
2761	1
2847	4
1154	1
891	4
7356	3
8174	2
449	1
7295	1
1750	4
3131	1
8185	0
2947	3
1081	2
479	3
2291	2
3924	3
3831	2
4917	0
54	2
3914	0
3557	0
7704	4
3524	3
3070	3
3303	0
