SentenceId	Sentiment
7971	1
2912	0
1152	1
4551	0
5809	2
4967	1
6540	1
3790	1
2165	2
2520	1
3555	1
1207	1
1243	0
5980	2
2322	0
6808	1
5700	2
3602	1
6885	1
2083	0
6424	2
1043	1
1026	1
4979	2
2321	1
3830	0
5760	2
2833	2
7771	0
1069	1
6038	2
1940	2
6299	0
2454	1
2464	0
2898	0
7177	1
560	0
4973	2
4155	1
6207	0
540	1
3375	2
1555	1
122	2
3369	1
6185	2
6271	0
2830	0
6882	1
5918	1
5049	2
1896	1
2271	0
6663	2
4493	1
4241	2
2017	1
1683	1
8153	0
4481	2
694	1
6451	1
6894	0
2940	0
8056	2
84	0
3177	2
5188	2
4874	2
6887	1
4094	2
4287	0
1757	2
5369	0
955	0
4338	2
849	1
5486	2
4620	0
210	2
2037	0
7481	1
7029	1
8242	2
7840	1
628	2
170	0
4923	1
4694	1
8032	2
1450	2
6991	2
4910	2
4898	0
3620	1
5870	2
6295	1
7461	1
4014	1
936	1
4415	2
7710	0
5923	1
172	2
7751	2
4100	1
6541	2
8154	0
7815	0
5304	2
1464	1
1059	1
3209	1
4158	1
4279	2
4169	0
7246	0
2964	1
4262	1
3000	1
2858	2
2177	1
4505	1
6507	1
7742	1
3634	1
8222	2
4724	0
253	0
4543	1
6893	0
3136	0
5292	2
1995	2
5386	1
2642	2
1226	1
2481	0
4763	0
3538	1
6227	2
7231	1
3766	1
8107	2
7934	1
8196	1
1617	1
1601	1
5075	1
2585	1
7277	0
7485	0
3522	2
5947	0
4134	2
7714	1
688	0
2214	0
3126	0
7450	1
7988	0
303	1
446	1
205	2
3946	0
3099	1
4177	0
7869	1
2022	0
6152	1
5843	2
4926	2
4086	2
6166	1
351	0
5350	1
8095	1
5711	0
166	1
6111	1
783	0
7206	0
659	0
3165	0
4194	1
7123	1
3526	1
3344	1
3044	0
4630	0
2171	0
3979	1
978	2
1097	1
1468	1
6055	1
2237	1
7740	0
5010	2
3735	1
6579	0
486	2
6857	2
4406	1
3612	1
2807	2
5820	0
6469	0
3794	2
3016	2
6083	0
6892	0
6186	2
864	0
2136	0
3102	1
3950	0
2333	0
2044	0
10	0
5331	2
4629	0
1231	0
269	1
780	2
3247	2
294	0
6832	2
5473	0
3513	2
3427	1
6601	2
5219	2
7946	2
7876	0
840	1
7394	1
2560	0
5842	2
2955	1
5518	2
4965	0
7118	2
793	2
4852	1
3025	2
852	1
7547	2
2026	1
4537	0
5293	0
6737	1
2654	0
6875	0
6586	1
1369	2
1726	1
5088	0
3162	1
8170	1
3473	1
4690	0
2247	0
2392	0
275	1
8504	2
7777	1
6235	2
7317	2
4527	2
6532	2
1343	2
2361	0
6624	2
7298	2
2580	0
8472	1
3980	2
2477	2
3118	0
6171	0
6834	1
7789	2
3318	2
5152	1
3798	0
8368	1
1660	1
2072	1
4450	2
8501	1
6397	0
3788	1
7493	2
629	2
6364	1
8027	1
1839	0
4998	1
2597	1
3299	1
7608	2
3996	2
199	1
3989	2
3518	1
6771	1
1668	0
3456	0
7725	2
4286	1
4651	2
8510	0
7217	0
3334	1
4264	1
3108	2
1938	1
7444	1
1993	2
1259	1
3424	0
2921	0
7355	0
4578	0
5710	0
2051	2
8421	1
2874	1
6850	2
8525	1
391	0
1222	0
2666	0
597	0
5166	1
6603	1
8026	0
1923	1
4872	0
6905	2
6456	2
7128	2
4496	1
335	2
1220	2
3776	2
1149	0
2076	1
1116	0
3289	0
3617	1
5788	2
259	1
4736	0
984	0
3587	0
7096	0
7801	1
2445	2
2655	0
7480	2
3891	2
6436	1
6117	1
4320	2
4804	0
5886	0
1394	1
7370	1
709	1
1322	1
7671	0
1524	1
5609	0
2752	1
3824	0
8171	1
6319	2
881	1
6990	0
2913	0
6544	1
1106	0
8163	0
4607	0
1117	2
4130	1
2819	1
2892	1
6236	1
1179	2
5379	2
2168	0
5093	1
8391	2
1659	2
2485	0
6188	0
3066	2
639	1
3404	1
233	2
4835	2
5284	1
8008	0
564	1
4269	2
7767	2
3668	1
2775	0
5125	1
4054	0
6933	0
5121	1
1180	1
6409	2
4492	1
1786	1
3590	0
6305	0
8402	2
8515	1
1109	2
7105	0
3065	2
4265	2
2972	0
4681	1
5943	2
5267	1
3010	1
5734	2
6460	1
2079	1
8492	1
2600	1
2573	2
5794	1
3975	1
3999	0
2663	1
8387	2
2479	0
7692	1
1423	0
4330	1
990	1
6301	2
5041	2
2739	0
7859	2
1599	2
8093	2
2419	1
6425	0
763	1
1692	0
4792	1
8327	1
4541	1
1362	2
4779	2
8019	0
6337	1
5078	2
4377	2
7209	2
5831	2
5616	0
8376	1
4263	1
7754	1
7684	1
2836	1
7411	2
5402	2
5469	1
7939	0
2760	2
2113	1
7517	1
326	0
6340	0
5683	1
7058	2
1535	2
3169	2
842	1
5109	0
2532	0
4311	2
7021	0
3409	2
6781	1
7323	1
1826	2
3310	0
7045	2
3245	2
4026	2
4237	2
7650	1
1539	0
7628	1
4244	0
5584	2
3184	2
3952	0
4844	2
2091	1
4760	2
7502	2
5308	2
3457	2
3464	1
6756	0
3622	0
2840	2
1313	1
2425	0
2269	1
1926	2
4693	2
7062	1
3086	0
1410	2
3176	1
1122	2
8064	1
6864	2
6974	0
8308	0
8384	1
140	2
5394	2
954	2
5447	1
2523	0
8138	1
6491	1
3944	1
1224	1
488	1
6250	0
1425	2
3250	2
5618	1
7744	0
7285	1
7871	1
7732	1
466	0
2613	2
1229	1
8436	0
2383	1
265	0
3413	2
1869	1
7031	1
2358	2
7111	1
5309	0
4172	0
7326	0
1374	0
1799	0
2753	0
2834	0
8358	2
2319	1
3769	0
5890	0
131	0
7957	0
1883	2
6477	2
6963	0
8455	1
2543	1
664	2
1550	0
6539	2
6902	1
726	1
2397	2
6074	1
6024	1
4565	1
7134	1
7845	2
1458	2
2254	0
580	0
2027	2
795	0
5490	1
517	0
26	1
2908	0
529	2
3676	2
185	2
5883	1
1014	1
4490	1
8188	0
5827	2
3553	0
6930	0
4469	0
6658	0
8508	1
4632	0
7290	1
3104	1
5497	2
7219	0
8304	1
4317	2
4654	2
642	1
2549	0
645	1
7872	2
3922	2
4399	0
3899	1
4854	1
7240	2
7385	0
5519	2
5638	2
2850	1
3423	2
7043	0
4358	0
6452	2
5593	1
1213	1
4699	0
8416	2
1172	0
390	1
4588	1
8236	0
7629	2
5858	0
272	2
2709	0
1597	1
4487	2
3377	2
4788	1
4790	0
5434	0
2006	0
318	1
7207	2
287	0
8345	1
2509	1
6839	1
5029	2
8439	2
3672	0
2175	1
3146	2
6790	0
7063	1
1044	0
4261	0
4595	0
5100	0
5650	1
339	0
3012	1
7592	2
6362	0
6510	1
4456	0
334	0
5747	2
6155	2
8378	1
4049	1
5636	0
4962	1
784	2
3932	1
5405	1
6787	2
7578	0
1169	0
2242	0
86	2
1638	2
1773	0
152	0
7230	0
1743	1
5020	0
4544	0
4075	1
6837	0
5647	0
582	2
7179	0
6499	1
1194	1
5619	0
5690	0
3859	1
712	1
7115	2
2039	1
228	2
6889	2
485	2
3643	0
4894	2
5580	2
2374	1
7163	1
6965	1
3595	2
3181	2
6087	2
1029	2
4919	0
3670	2
4866	2
4212	1
2640	2
7642	1
6312	1
8175	2
2278	2
2676	0
4468	0
2459	2
1837	0
6403	1
2927	2
3224	0
3130	1
2476	0
5857	1
132	1
3872	2
1568	1
4331	2
6995	1
5902	0
4171	1
1516	0
4731	1
416	2
8118	1
15	2
3286	1
3987	0
8343	2
8512	0
6398	1
7750	1
7605	0
3249	1
6519	2
8123	0
3033	2
5016	0
7162	0
2511	0
5312	0
1336	0
8043	2
179	1
5553	0
6607	0
1391	2
4663	1
4623	1
1514	2
4238	1
947	0
1596	0
2384	1
7914	2
3867	2
5872	1
4112	2
905	2
5148	2
1330	1
3389	1
361	1
2745	0
6039	1
762	1
1496	1
3800	2
4235	1
2245	0
5436	0
2411	1
2351	2
4678	1
1934	1
3947	2
998	1
5356	0
8031	0
8467	2
6936	0
3201	0
4125	2
2562	1
7693	0
4562	0
1556	1
7200	0
2731	2
5	1
320	2
5881	2
1478	2
7844	1
1658	2
2922	0
1794	0
4308	0
4009	2
4886	2
2366	2
1157	2
2469	1
826	2
2531	2
613	1
1471	1
6375	2
4164	2
6196	2
5259	0
7335	2
4071	2
203	2
4768	1
4861	1
5530	1
6036	1
7905	0
4411	1
3933	1
1836	1
88	0
6381	2
5492	1
4949	2
8346	1
1772	1
4757	2
3506	1
547	1
1227	0
5801	1
4986	1
13	1
7348	1
1166	1
7414	1
5582	2
2905	1
3941	1
2822	0
5808	1
1200	1
5358	1
1384	0
4801	1
342	0
468	1
1012	2
7944	1
1573	0
8403	2
586	0
5051	2
7548	0
1477	2
6412	2
159	0
4268	2
5634	0
4495	2
1311	2
1595	1
1507	2
6331	1
3123	0
6322	0
2644	0
4994	0
3782	2
5278	0
3441	1
356	0
5026	1
6135	0
8438	0
7288	1
6551	1
8167	0
2156	0
3770	1
1887	1
4131	1
8381	2
1461	0
3520	2
6868	2
8364	2
2697	2
2577	0
5694	0
71	2
8203	1
5825	1
6336	2
2816	2
1372	0
4258	2
6249	1
6439	0
6400	1
6254	2
8372	2
2195	0
91	0
5122	2
2265	0
3585	1
5058	1
7843	1
5214	2
634	1
8113	2
630	0
6457	2
2622	1
4771	0
6470	0
1910	2
2513	0
2512	2
5341	1
5586	0
2729	2
7703	2
5427	0
3316	0
500	1
4010	0
4283	0
1880	1
4176	0
3750	2
1504	0
4179	1
8380	2
4737	2
1058	1
2761	2
2847	2
1154	0
891	1
7356	1
8174	2
449	2
7295	2
1750	0
3131	0
8185	0
2947	2
1081	2
479	1
2291	2
3924	0
3831	0
4917	2
54	1
3914	0
3557	2
7704	1
3524	2
3070	0
3303	1
