1 2233
1 1665
1 2002
1 1856
1 670
1 2314
1 2289
1 1350
1 2421
1 3015
2 2233
2 1665
2 2002
2 1856
2 670
2 2314
2 2289
2 1350
2 2421
2 3015
3 2233
3 1665
3 2002
3 1856
3 670
3 2314
3 2289
3 1350
3 2421
3 3015
4 2233
4 1665
4 2002
4 1856
4 670
4 2314
4 2289
4 1350
4 2421
4 3015
5 2233
5 1665
5 2002
5 1856
5 670
5 2314
5 2289
5 1350
5 2421
5 3015
6 2233
6 1665
6 2002
6 1856
6 670
6 2314
6 2289
6 1350
6 2421
6 3015
7 2233
7 1665
7 2002
7 1856
7 670
7 2314
7 2289
7 1350
7 2421
7 3015
8 2233
8 1665
8 2002
8 1856
8 670
8 2314
8 2289
8 1350
8 2421
8 3015
9 2233
9 1665
9 2002
9 1856
9 670
9 2314
9 2289
9 1350
9 2421
9 3015
10 2233
10 1665
10 2002
10 1856
10 670
10 2314
10 2289
10 1350
10 2421
10 3015
11 2233
11 1665
11 2002
11 1856
11 670
11 2314
11 2289
11 1350
11 2421
11 3015
12 2233
12 1665
12 2002
12 1856
12 670
12 2314
12 2289
12 1350
12 2421
12 3015
13 2233
13 1665
13 2002
13 1856
13 670
13 2314
13 2289
13 1350
13 2421
13 3015
14 2233
14 1665
14 2002
14 1856
14 670
14 2314
14 2289
14 1350
14 2421
14 3015
15 2233
15 1665
15 2002
15 1856
15 670
15 2314
15 2289
15 1350
15 2421
15 3015
16 2233
16 1665
16 2002
16 1856
16 670
16 2314
16 2289
16 1350
16 2421
16 3015
17 2233
17 1665
17 2002
17 1856
17 670
17 2314
17 2289
17 1350
17 2421
17 3015
18 2233
18 1665
18 2002
18 1856
18 670
18 2314
18 2289
18 1350
18 2421
18 3015
19 2233
19 1665
19 2002
19 1856
19 670
19 2314
19 2289
19 1350
19 2421
19 3015
20 2233
20 1665
20 2002
20 1856
20 670
20 2314
20 2289
20 1350
20 2421
20 3015
21 2233
21 1665
21 2002
21 1856
21 670
21 2314
21 2289
21 1350
21 2421
21 3015
22 2233
22 1665
22 2002
22 1856
22 670
22 2314
22 2289
22 1350
22 2421
22 3015
23 2233
23 1665
23 2002
23 1856
23 670
23 2314
23 2289
23 1350
23 2421
23 3015
24 2233
24 1665
24 2002
24 1856
24 670
24 2314
24 2289
24 1350
24 2421
24 3015
25 2233
25 1665
25 2002
25 1856
25 670
25 2314
25 2289
25 1350
25 2421
25 3015
26 2233
26 1665
26 2002
26 1856
26 670
26 2314
26 2289
26 1350
26 2421
26 3015
27 2233
27 1665
27 2002
27 1856
27 670
27 2314
27 2289
27 1350
27 2421
27 3015
28 2233
28 1665
28 2002
28 1856
28 670
28 2314
28 2289
28 1350
28 2421
28 3015
29 2233
29 1665
29 2002
29 1856
29 670
29 2314
29 2289
29 1350
29 2421
29 3015
30 2233
30 1665
30 2002
30 1856
30 670
30 2314
30 2289
30 1350
30 2421
30 3015
31 2233
31 1665
31 2002
31 1856
31 670
31 2314
31 2289
31 1350
31 2421
31 3015
32 2233
32 1665
32 2002
32 1856
32 670
32 2314
32 2289
32 1350
32 2421
32 3015
33 2233
33 1665
33 2002
33 1856
33 670
33 2314
33 2289
33 1350
33 2421
33 3015
34 2233
34 1665
34 2002
34 1856
34 670
34 2314
34 2289
34 1350
34 2421
34 3015
35 2233
35 1665
35 2002
35 1856
35 670
35 2314
35 2289
35 1350
35 2421
35 3015
36 2233
36 1665
36 2002
36 1856
36 670
36 2314
36 2289
36 1350
36 2421
36 3015
37 2233
37 1665
37 2002
37 1856
37 670
37 2314
37 2289
37 1350
37 2421
37 3015
38 2233
38 1665
38 2002
38 1856
38 670
38 2314
38 2289
38 1350
38 2421
38 3015
39 2233
39 1665
39 2002
39 1856
39 670
39 2314
39 2289
39 1350
39 2421
39 3015
40 2233
40 1665
40 2002
40 1856
40 670
40 2314
40 2289
40 1350
40 2421
40 3015
41 2233
41 1665
41 2002
41 1856
41 670
41 2314
41 2289
41 1350
41 2421
41 3015
42 2233
42 1665
42 2002
42 1856
42 670
42 2314
42 2289
42 1350
42 2421
42 3015
43 2233
43 1665
43 2002
43 1856
43 670
43 2314
43 2289
43 1350
43 2421
43 3015
44 2233
44 1665
44 2002
44 1856
44 670
44 2314
44 2289
44 1350
44 2421
44 3015
45 2233
45 1665
45 2002
45 1856
45 670
45 2314
45 2289
45 1350
45 2421
45 3015
46 2233
46 1665
46 2002
46 1856
46 670
46 2314
46 2289
46 1350
46 2421
46 3015
47 2233
47 1665
47 2002
47 1856
47 670
47 2314
47 2289
47 1350
47 2421
47 3015
48 2233
48 1665
48 2002
48 1856
48 670
48 2314
48 2289
48 1350
48 2421
48 3015
49 2233
49 1665
49 2002
49 1856
49 670
49 2314
49 2289
49 1350
49 2421
49 3015
50 2233
50 1665
50 2002
50 1856
50 670
50 2314
50 2289
50 1350
50 2421
50 3015
51 2233
51 1665
51 2002
51 1856
51 670
51 2314
51 2289
51 1350
51 2421
51 3015
52 2233
52 1665
52 2002
52 1856
52 670
52 2314
52 2289
52 1350
52 2421
52 3015
53 2233
53 1665
53 2002
53 1856
53 670
53 2314
53 2289
53 1350
53 2421
53 3015
54 2233
54 1665
54 2002
54 1856
54 670
54 2314
54 2289
54 1350
54 2421
54 3015
55 2233
55 1665
55 2002
55 1856
55 670
55 2314
55 2289
55 1350
55 2421
55 3015
56 2233
56 1665
56 2002
56 1856
56 670
56 2314
56 2289
56 1350
56 2421
56 3015
57 2233
57 1665
57 2002
57 1856
57 670
57 2314
57 2289
57 1350
57 2421
57 3015
58 2233
58 1665
58 2002
58 1856
58 670
58 2314
58 2289
58 1350
58 2421
58 3015
59 2233
59 1665
59 2002
59 1856
59 670
59 2314
59 2289
59 1350
59 2421
59 3015
60 2233
60 1665
60 2002
60 1856
60 670
60 2314
60 2289
60 1350
60 2421
60 3015
61 2233
61 1665
61 2002
61 1856
61 670
61 2314
61 2289
61 1350
61 2421
61 3015
62 2233
62 1665
62 2002
62 1856
62 670
62 2314
62 2289
62 1350
62 2421
62 3015
63 2233
63 1665
63 2002
63 1856
63 670
63 2314
63 2289
63 1350
63 2421
63 3015
64 2233
64 1665
64 2002
64 1856
64 670
64 2314
64 2289
64 1350
64 2421
64 3015
